[DSC_0334.JPG]
filters=crop64=1,1fcffffc449;Boost=1,15.204679;
crop=rect64(1fcffffc449)
moddate=3042b0def728d201
width=6016
height=4000
textactive=0
[slider4.jpg]
filters=fill=1,0.467290;
moddate=78ffd3350029d201
width=1920
height=879
textactive=0
